9132
5399
7995
0909
2028
4206
3046
1499
5945
1461
5956
9540
9499
3973
5725
3214
8144
9434
3315
0119
1925
0219
9159
6543
9445
6433
3308
3029
9293
6930
5444
4424
0270
6716
8124
0213
0107
2092
1968
5618
2712
9106
5073
9775
8719
6163
6691
9965
5637
1353
2717
6138
3303
5009
9040
3478
1756
5501
7091
3919
4496
4909
0002
6063
4662
3632
7376
2721
8240
8412
6827
0247
9406
3004
5063
4663
4609
4045
5495
9918
7379
7795
6947
4400
3072
3744
9423
5231
5365
8641
7575
8784
3810
9126
0228
8280
6860
1642
1451
9595
